ambient[] = {0.317647,0.345098,0.54902,1.0};
diffuse[] = {0.317647,0.345098,0.54902,1.0};
forcedDiffuse[] = {0,0,0,0};
emmisive[] = {0,0,0,1};
specular[] = {0,0,0,1};
specularPower = 1;
PixelShaderID = "Normal";
VertexShaderID = "Basic";